topology: 8 4 1
in:	86.2	26.2	94.3	5.1	8.2	51	6.7	0	
out:	0
in:	90.6	35.4	669.1	6.7	18	33	0.9	0	
out:	0
in:	90.6	43.7	686.9	6.7	14.6	33	1.3	0	
out:	0
in:	91.7	33.3	77.5	9	8.3	97	4	0.2	
out:	0
in:	89.3	51.3	102.2	9.6	11.4	99	1.8	0	
out:	0
in:	92.3	85.3	488	14.7	22.2	29	5.4	0	
out:	0
in:	92.3	88.9	495.6	8.5	24.1	27	3.1	0	
out:	0
in:	91.5	145.4	608.2	10.7	8	86	2.2	0	
out:	0
in:	91	129.5	692.6	7	13.1	63	5.4	0	
out:	0
in:	92.5	88	698.6	7.1	22.8	40	4	0	
out:	0
in:	92.5	88	698.6	7.1	17.8	51	7.2	0	
out:	0
in:	92.8	73.2	713	22.6	19.3	38	4	0	
out:	0
in:	63.5	70.8	665.3	0.8	17	72	6.7	0	
out:	0
in:	90.9	126.5	686.5	7	21.3	42	2.2	0	
out:	0
in:	92.9	133.3	699.6	9.2	26.4	21	4.5	0	
out:	0
in:	93.3	141.2	713.9	13.9	22.9	44	5.4	0	
out:	0
in:	91.7	35.8	80.8	7.8	15.1	27	5.4	0	
out:	0
in:	84.9	32.8	664.2	3	16.7	47	4.9	0	
out:	0
in:	89.2	27.9	70.8	6.3	15.9	35	4	0	
out:	0
in:	86.3	27.4	97.1	5.1	9.3	44	4.5	0	
out:	0
in:	91	129.5	692.6	7	18.3	40	2.7	0	
out:	0
in:	91.8	78.5	724.3	9.2	19.1	38	2.7	0	
out:	0
in:	94.3	96.3	200	56.1	21	44	4.5	0	
out:	0
in:	90.2	110.9	537.4	6.2	19.5	43	5.8	0	
out:	0
in:	93.5	139.4	594.2	20.3	23.7	32	5.8	0	
out:	0
in:	91.4	142.4	601.4	10.6	16.3	60	5.4	0	
out:	0
in:	92.4	117.9	668	12.2	19	34	5.8	0	
out:	0
in:	90.9	126.5	686.5	7	19.4	48	1.3	0	
out:	0
in:	93.4	145.4	721.4	8.1	30.2	24	2.7	0	
out:	0
in:	93.5	149.3	728.6	8.1	22.8	39	3.6	0	
out:	0
in:	94.3	85.1	692.3	15.9	25.4	24	3.6	0	
out:	0
in:	88.6	91.8	709.9	7.1	11.2	78	7.6	0	
out:	0
in:	88.6	69.7	706.8	5.8	20.6	37	1.8	0	
out:	0
in:	91.7	75.6	718.3	7.8	17.7	39	3.6	0	
out:	0
in:	91.8	78.5	724.3	9.2	21.2	32	2.7	0	
out:	0
in:	90.3	80.7	730.2	6.3	18.2	62	4.5	0	
out:	0
in:	90.6	35.4	669.1	6.7	21.7	24	4.5	0	
out:	0
in:	90	41.5	682.6	8.7	11.3	60	5.4	0	
out:	0
in:	90.6	43.7	686.9	6.7	17.8	27	4	0	
out:	0
in:	88.1	25.7	67.6	3.8	14.1	43	2.7	0	
out:	0
in:	79.5	60.6	366.7	1.5	23.3	37	3.1	0	
out:	0
in:	90.2	96.9	624.2	8.9	18.4	42	6.7	0	
out:	0
in:	94.8	108.3	647.1	17	16.6	54	5.4	0	
out:	0
in:	92.5	88	698.6	7.1	19.6	48	2.7	0	
out:	0
in:	90.1	82.9	735.7	6.2	12.9	74	4.9	0	
out:	0
in:	94.3	85.1	692.3	15.9	25.9	24	4	0	
out:	0
in:	90.9	126.5	686.5	7	14.7	70	3.6	0	
out:	0
in:	94.2	62.3	442.9	11	23	36	3.1	0	
out:	0
in:	87.2	23.9	64.7	4.1	11.8	35	1.8	0	
out:	0
in:	87.6	52.2	103.8	5	11	46	5.8	0	
out:	0
in:	92.9	137	706.4	9.2	20.8	17	1.3	0	
out:	0
in:	90.2	99.6	631.2	6.3	21.5	34	2.2	0	
out:	0
in:	92.1	111.2	654.1	9.6	20.4	42	4.9	0	
out:	0
in:	92.1	111.2	654.1	9.6	20.4	42	4.9	0	
out:	0
in:	91.7	114.3	661.3	6.3	17.6	45	3.6	0	
out:	0
in:	92.9	137	706.4	9.2	27.7	24	2.2	0	
out:	0
in:	90.3	80.7	730.2	6.3	17.8	63	4.9	0	
out:	0
in:	92.6	46.5	691.8	8.8	13.8	50	2.7	0	
out:	0
in:	84	9.3	34	2.1	13.9	40	5.4	0	
out:	0
in:	86.6	13.2	43	5.3	12.3	51	0.9	0	
out:	0
in:	89.3	51.3	102.2	9.6	11.5	39	5.8	0	
out:	0
in:	89.3	51.3	102.2	9.6	5.5	59	6.3	0	
out:	0
in:	93	75.3	466.6	7.7	18.8	35	4.9	0	
out:	0
in:	90.2	99.6	631.2	6.3	20.8	33	2.7	0	
out:	0
in:	91.1	103.2	638.8	5.8	23.1	31	3.1	0	
out:	0
in:	91.7	114.3	661.3	6.3	18.6	44	4.5	0	
out:	0
in:	92.4	117.9	668	12.2	23	37	4.5	0	
out:	0
in:	92.4	117.9	668	12.2	19.6	33	5.4	0	
out:	0
in:	92.4	117.9	668	12.2	19.6	33	6.3	0	
out:	0
in:	91.7	33.3	77.5	9	17.2	26	4.5	0	
out:	0
in:	91.2	48.3	97.8	12.5	15.8	27	7.6	0	
out:	0
in:	94.3	85.1	692.3	15.9	17.7	37	3.6	0	
out:	0
in:	91.7	33.3	77.5	9	15.6	25	6.3	0	
out:	0
in:	88.8	147.3	614.5	9	17.3	43	4.5	0	
out:	0
in:	93.3	141.2	713.9	13.9	27.6	30	1.3	0	
out:	0
in:	84.2	6.8	26.6	7.7	6.7	79	3.1	0	
out:	0
in:	86.6	13.2	43	5.3	15.7	43	3.1	0	
out:	0
in:	87.6	52.2	103.8	5	8.3	72	3.1	0	
out:	0
in:	90.1	108	529.8	12.5	14.7	66	2.7	0	
out:	0
in:	91	121.2	561.6	7	21.6	19	6.7	0	
out:	0
in:	91.4	142.4	601.4	10.6	19.5	39	6.3	0	
out:	0
in:	90.2	99.6	631.2	6.3	17.9	44	2.2	0	
out:	0
in:	94.8	108.3	647.1	17	18.6	51	4.5	0	
out:	0
in:	92.1	111.2	654.1	9.6	16.6	47	0.9	0	
out:	0
in:	91.7	114.3	661.3	6.3	20.2	45	3.6	0	
out:	0
in:	92.9	137	706.4	9.2	21.5	15	0.9	0	
out:	0
in:	92.9	137	706.4	9.2	25.4	27	2.2	0	
out:	0
in:	92.9	137	706.4	9.2	22.4	34	2.2	0	
out:	0
in:	93.5	149.3	728.6	8.1	25.3	36	3.6	0	
out:	0
in:	91.7	35.8	80.8	7.8	17.4	25	4.9	0	
out:	0
in:	90.2	96.9	624.2	8.9	14.7	59	5.8	0	
out:	0
in:	91.7	35.8	80.8	7.8	17.4	24	5.4	0	
out:	0
in:	92.3	85.3	488	14.7	20.8	32	6.3	0	
out:	0
in:	91.4	142.4	601.4	10.6	18.2	43	4.9	0	
out:	0
in:	91.1	103.2	638.8	5.8	23.4	22	2.7	0	
out:	0
in:	89.7	90	704.4	4.8	17.8	64	1.3	0	
out:	0
in:	83.9	8	30.2	2.6	12.7	48	1.8	0	
out:	0
in:	69	2.4	15.5	0.7	17.4	24	5.4	0	
out:	0
in:	91.4	142.4	601.4	10.6	11.6	87	4.5	0	
out:	0
in:	91.4	142.4	601.4	10.6	19.8	39	5.4	0	
out:	0
in:	91.4	142.4	601.4	10.6	19.8	39	5.4	0	
out:	0
in:	88.8	147.3	614.5	9	14.4	66	5.4	0	
out:	0
in:	94.8	108.3	647.1	17	20.1	40	4	0	
out:	0
in:	92.5	121.1	674.4	8.6	24.1	29	4.5	0	
out:	0
in:	82.1	3.7	9.3	2.9	5.3	78	3.1	0	
out:	0
in:	85.9	19.5	57.3	2.8	12.7	52	6.3	0	
out:	0
in:	91.4	30.7	74.3	7.5	18.2	29	3.1	0	
out:	0
in:	90.2	99.6	631.2	6.3	21.4	33	3.1	0	
out:	0
in:	92.5	88	698.6	7.1	20.3	45	3.1	0	
out:	0
in:	88.6	91.8	709.9	7.1	17.4	56	5.4	0	
out:	0
in:	85.9	19.5	57.3	2.8	13.7	43	5.8	0	
out:	0
in:	91.7	33.3	77.5	9	18.8	18	4.5	0	
out:	0
in:	89.7	90	704.4	4.8	22.8	39	3.6	0	
out:	0
in:	91.8	78.5	724.3	9.2	18.9	35	2.7	0	
out:	0
in:	88.1	25.7	67.6	3.8	15.8	27	7.6	0	
out:	0
in:	88.1	25.7	67.6	3.8	15.5	27	6.3	0	
out:	0
in:	91.7	35.8	80.8	7.8	11.6	30	6.3	0	
out:	0
in:	91.7	35.8	80.8	7.8	15.2	27	4.9	0	
out:	0
in:	90.1	39.7	86.6	6.2	10.6	30	4	0	
out:	0
in:	93	75.3	466.6	7.7	19.6	36	3.1	0	
out:	0
in:	91.5	145.4	608.2	10.7	10.3	74	2.2	0	
out:	0
in:	91.5	145.4	608.2	10.7	17.1	43	5.4	0	
out:	0
in:	92.4	124.1	680.7	8.5	22.5	42	5.4	0	
out:	0
in:	84.4	73.4	671.9	3.2	17.9	45	3.1	0	
out:	0
in:	94.3	85.1	692.3	15.9	19.8	50	5.4	0	
out:	0
in:	92.6	46.5	691.8	8.8	20.6	24	5.4	0	
out:	0
in:	87.6	52.2	103.8	5	9	49	2.2	0	
out:	0
in:	93.5	149.3	728.6	8.1	17.2	43	3.1	0	
out:	0
in:	91.4	37.9	673.8	5.2	15.9	46	3.6	0	
out:	0
in:	92.6	46.5	691.8	8.8	15.4	35	0.9	0	
out:	0
in:	68.2	21.5	87.2	0.8	15.4	40	2.7	0	
out:	0
in:	87.2	23.9	64.7	4.1	14	39	3.1	0	
out:	0
in:	89.3	51.3	102.2	9.6	10.6	46	4.9	0	
out:	0
in:	93.7	80.9	685.2	17.9	17.6	42	3.1	0	
out:	0
in:	88.1	25.7	67.6	3.8	14.9	38	2.7	0	
out:	0
in:	93.5	139.4	594.2	20.3	17.6	52	5.8	0	
out:	0
in:	92.4	124.1	680.7	8.5	17.2	58	1.3	0	
out:	0
in:	90.9	126.5	686.5	7	15.6	66	3.1	0	
out:	0
in:	85.8	48.3	313.4	3.9	18	42	2.7	0	
out:	0.36
in:	91	129.5	692.6	7	21.7	38	2.2	0	
out:	0.43
in:	90.9	126.5	686.5	7	21.9	39	1.8	0	
out:	0.47
in:	95.5	99.9	513.3	13.2	23.3	31	4.5	0	
out:	0.55
in:	90.1	108	529.8	12.5	21.2	51	8.9	0	
out:	0.61
in:	90	51.3	296.3	8.7	16.6	53	5.4	0	
out:	0.71
in:	95.5	99.9	513.3	13.2	23.8	32	5.4	0	
out:	0.77
in:	95.2	131.7	578.8	10.4	27.4	22	4	0	
out:	0.9
in:	90.1	39.7	86.6	6.2	13.2	40	5.4	0	
out:	0.95
in:	84.4	73.4	671.9	3.2	24.2	28	3.6	0	
out:	0.96
in:	94.8	108.3	647.1	17	17.4	43	6.7	0	
out:	1.07
in:	93.7	80.9	685.2	17.9	23.7	25	4.5	0	
out:	1.12
in:	92.5	56.4	433.3	7.1	23.2	39	5.4	0	
out:	1.19
in:	90.1	68.6	355.2	7.2	24.8	29	2.2	0	
out:	1.36
in:	90.1	51.2	424.1	6.2	24.6	43	1.8	0	
out:	1.43
in:	94.3	85.1	692.3	15.9	20.1	47	4.9	0	
out:	1.46
in:	93.4	145.4	721.4	8.1	29.6	27	2.7	0	
out:	1.46
in:	94.8	108.3	647.1	17	16.4	47	1.3	0	
out:	1.56
in:	93.4	145.4	721.4	8.1	28.6	27	2.2	0	
out:	1.61
in:	92.1	111.2	654.1	9.6	18.4	45	3.6	0	
out:	1.63
in:	92.1	111.2	654.1	9.6	20.5	35	4	0	
out:	1.64
in:	92.4	117.9	668	12.2	19	34	5.8	0	
out:	1.69
in:	90.1	39.7	86.6	6.2	16.1	29	3.1	0	
out:	1.75
in:	95.2	131.7	578.8	10.4	20.3	41	4	0	
out:	1.9
in:	90.6	50.1	100.4	7.8	15.2	31	8.5	0	
out:	1.94
in:	92.5	121.1	674.4	8.6	17.8	56	1.8	0	
out:	1.95
in:	89.7	90	704.4	4.8	17.8	67	2.2	0	
out:	2.01
in:	84.9	18.2	55	3	5.3	70	4.5	0	
out:	2.14
in:	92.1	111.2	654.1	9.6	16.6	47	0.9	0	
out:	2.29
in:	96	127.1	570.5	16.5	23.4	33	4.5	0	
out:	2.51
in:	91.2	48.3	97.8	12.5	14.6	26	9.4	0	
out:	2.53
in:	95.2	131.7	578.8	10.4	20.7	45	2.2	0	
out:	2.55
in:	92.9	133.3	699.6	9.2	21.9	35	1.8	0	
out:	2.57
in:	85.6	90.4	609.6	6.6	17.4	50	4	0	
out:	2.69
in:	91.4	142.4	601.4	10.6	20.1	39	5.4	0	
out:	2.74
in:	90.9	126.5	686.5	7	17.7	39	2.2	0	
out:	3.07
in:	90.2	96.9	624.2	8.9	14.2	53	1.8	0	
out:	3.5
in:	90.2	96.9	624.2	8.9	20.3	39	4.9	0	
out:	4.53
in:	81.5	9.1	55.2	2.7	5.8	54	5.8	0	
out:	4.61
in:	90.2	99.6	631.2	6.3	19.2	44	2.7	0	
out:	4.69
in:	90.1	82.9	735.7	6.2	18.3	45	2.2	0	
out:	4.88
in:	88.8	147.3	614.5	9	14.4	66	5.4	0	
out:	5.23
in:	92.4	124.1	680.7	8.5	23.9	32	6.7	0	
out:	5.33
in:	84.9	32.8	664.2	3	19.1	32	4	0	
out:	5.44
in:	86.8	15.6	48.3	3.9	12.4	53	2.2	0	
out:	6.38
in:	91.7	48.5	696.1	11.1	16.8	45	4.5	0	
out:	6.83
in:	93.9	135.7	586.7	15.1	20.8	34	4.9	0	
out:	6.96
in:	91	129.5	692.6	7	17.6	46	3.1	0	
out:	7.04
in:	89.3	51.3	102.2	9.6	11.5	39	5.8	0	
out:	7.19
in:	90.9	126.5	686.5	7	21	42	2.2	0	
out:	7.3
in:	90.8	41.9	89.4	7.9	13.3	42	0.9	0	
out:	7.4
in:	90.7	44	92.4	5.5	11.5	60	4	0	
out:	8.24
in:	91.2	48.3	97.8	12.5	11.7	33	4	0	
out:	8.31
in:	95.2	131.7	578.8	10.4	24.2	28	2.7	0	
out:	8.68
in:	94.8	108.3	647.1	17	24.6	22	4.5	0	
out:	8.71
in:	92.9	133.3	699.6	9.2	24.3	25	4	0	
out:	9.41
in:	94.8	108.3	647.1	17	24.6	22	4.5	0	
out:	10.01
in:	93.9	135.7	586.7	15.1	23.5	36	5.4	0	
out:	10.02
in:	81.5	9.1	55.2	2.7	5.8	54	5.8	0	
out:	10.93
in:	92.9	137	706.4	9.2	21.5	15	0.9	0	
out:	11.06
in:	91	129.5	692.6	7	13.9	59	6.3	0	
out:	11.24
in:	63.5	70.8	665.3	0.8	22.6	38	3.6	0	
out:	11.32
in:	91	129.5	692.6	7	21.6	33	2.2	0	
out:	11.53
in:	90.1	37.6	83.7	7.2	12.4	54	3.6	0	
out:	12.1
in:	83.9	8.7	32.1	2.1	8.8	68	2.2	0	
out:	13.05
in:	91.4	37.9	673.8	5.2	20.2	37	2.7	0	
out:	13.7
in:	90.6	50.1	100.4	7.8	15.1	64	4	0	
out:	13.99
in:	92.9	137	706.4	9.2	22.1	34	1.8	0	
out:	14.57
in:	93.5	139.4	594.2	20.3	22.9	31	7.2	0	
out:	15.45
in:	91	129.5	692.6	7	20.7	37	2.2	0	
out:	17.2
in:	92.4	117.9	668	12.2	19.6	33	6.3	0	
out:	19.23
in:	93.7	80.9	685.2	17.9	23.2	26	4.9	0	
out:	23.41
in:	90.6	43.7	686.9	6.7	18.4	25	3.1	0	
out:	24.23
in:	93.5	139.4	594.2	20.3	5.1	96	5.8	0	
out:	26
in:	94.3	85.1	692.3	15.9	20.1	47	4.9	0	
out:	26.13
in:	87.6	52.2	103.8	5	11	46	5.8	0	
out:	27.35
in:	91.7	35.8	80.8	7.8	17	27	4.9	0	
out:	28.66
in:	91.7	35.8	80.8	7.8	17	27	4.9	0	
out:	28.66
in:	92.4	124.1	680.7	8.5	16.9	60	1.3	0	
out:	29.48
in:	88.6	91.8	709.9	7.1	12.4	73	6.3	0	
out:	30.32
in:	92.9	133.3	699.6	9.2	19.4	19	1.3	0	
out:	31.72
in:	90.1	39.7	86.6	6.2	15.2	27	3.1	0	
out:	31.86
in:	90.2	99.6	631.2	6.3	16.2	59	3.1	0	
out:	32.07
in:	93.3	141.2	713.9	13.9	18.6	49	3.6	0	
out:	35.88
in:	87.6	52.2	103.8	5	11	46	5.8	0	
out:	36.85
in:	88.3	150.3	309.9	6.8	13.4	79	3.6	0	
out:	37.02
in:	90.1	82.9	735.7	6.2	15.4	57	4.5	0	
out:	37.71
in:	93.5	149.3	728.6	8.1	22.9	39	4.9	0	
out:	48.55
in:	91.7	48.5	696.1	11.1	16.1	44	4	0	
out:	49.37
in:	92.2	81.8	480.8	11.9	20.1	34	4.5	0	
out:	58.3
in:	93.5	149.3	728.6	8.1	28.3	26	3.1	0	
out:	64.1
in:	92.2	81.8	480.8	11.9	16.4	43	4	0	
out:	71.3
in:	92.9	133.3	699.6	9.2	26.4	21	4.5	0	
out:	88.49
in:	93.5	149.3	728.6	8.1	27.8	27	3.1	0	
out:	95.18
in:	91	129.5	692.6	7	18.7	43	2.7	0	
out:	103.39
in:	84.4	73.4	671.9	3.2	24.3	36	3.1	0	
out:	105.66
in:	92.5	121.1	674.4	8.6	17.7	25	3.1	0	
out:	154.88
in:	91.4	142.4	601.4	10.6	19.6	41	5.8	0	
out:	196.48
in:	92.5	121.1	674.4	8.6	18.2	46	1.8	0	
out:	200.94
in:	91	129.5	692.6	7	18.8	40	2.2	0	
out:	212.88
in:	92.5	121.1	674.4	8.6	25.1	27	4	0	
out:	1090.84
in:	81.9	3	7.9	3.5	13.4	75	1.8	0	
out:	0
in:	88	17.2	43.5	3.8	15.2	51	2.7	0	
out:	0
in:	83	23.3	85.3	2.3	16.7	20	3.1	0	
out:	0
in:	94.2	122.3	589.9	12.9	15.4	66	4	0	
out:	10.13
in:	91.8	175.1	700.7	13.8	21.9	73	7.6	1	
out:	0
in:	91.8	175.1	700.7	13.8	22.4	54	7.6	0	
out:	2.87
in:	91.8	175.1	700.7	13.8	26.8	38	6.3	0	
out:	0.76
in:	91.8	175.1	700.7	13.8	25.7	39	5.4	0	
out:	0.09
in:	92.2	91.6	503.6	9.6	20.7	70	2.2	0	
out:	0.75
in:	93.1	157.3	666.7	13.5	28.7	28	2.7	0	
out:	0
in:	93.1	157.3	666.7	13.5	21.7	40	0.4	0	
out:	2.47
in:	93.1	157.3	666.7	13.5	26.8	25	3.1	0	
out:	0.68
in:	93.1	157.3	666.7	13.5	24	36	3.1	0	
out:	0.24
in:	93.1	157.3	666.7	13.5	22.1	37	3.6	0	
out:	0.21
in:	91.9	109.2	565.5	8	21.4	38	2.7	0	
out:	1.52
in:	91.6	138.1	621.7	6.3	18.9	41	3.1	0	
out:	10.34
in:	87.5	77	694.8	5	22.3	46	4	0	
out:	0
in:	94.2	117.2	581.1	11	23.9	41	2.2	0	
out:	8.02
in:	94.2	117.2	581.1	11	21.4	44	2.7	0	
out:	0.68
in:	91.8	170.9	692.3	13.7	20.6	59	0.9	0	
out:	0
in:	91.8	170.9	692.3	13.7	23.7	40	1.8	0	
out:	1.38
in:	93.6	97.9	542	14.4	28.3	32	4	0	
out:	8.85
in:	91.6	112.4	573	8.9	11.2	84	7.6	0	
out:	3.3
in:	96.1	181.1	671.2	14.3	21.6	65	4.9	0.8	
out:	0
in:	96.1	181.1	671.2	14.3	21.6	65	4.9	0.8	
out:	0
in:	96.1	181.1	671.2	14.3	20.7	69	4.9	0.4	
out:	0
in:	94.5	139.4	689.1	20	29.2	30	4.9	0	
out:	1.95
in:	94.5	139.4	689.1	20	28.9	29	4.9	0	
out:	49.59
in:	91	163.2	744.4	10.1	26.7	35	1.8	0	
out:	5.8
in:	91	166.9	752.6	7.1	18.5	73	8.5	0	
out:	0
in:	91	166.9	752.6	7.1	25.9	41	3.6	0	
out:	0
in:	91	166.9	752.6	7.1	25.9	41	3.6	0	
out:	0
in:	91	166.9	752.6	7.1	21.1	71	7.6	1.4	
out:	2.17
in:	91	166.9	752.6	7.1	18.2	62	5.4	0	
out:	0.43
in:	81.6	56.7	665.6	1.9	27.8	35	2.7	0	
out:	0
in:	81.6	56.7	665.6	1.9	27.8	32	2.7	0	
out:	6.44
in:	81.6	56.7	665.6	1.9	21.9	71	5.8	0	
out:	54.29
in:	81.6	56.7	665.6	1.9	21.2	70	6.7	0	
out:	11.16
in:	94.4	146	614.7	11.3	25.6	42	4	0	
out:	0
in:	79.5	3	106.7	1.1	11.8	31	4.5	0	
out:	0