topology: 8 1 1
in:	90.6	35.4	669.1	6.7	18	33	0.9	0	
out:	0
in:	86.3	27.4	97.1	5.1	9.3	44	4.5	0	
out:	0
in:	90.6	43.7	686.9	6.7	17.8	27	4	0	
out:	0
in:	85.9	19.5	57.3	2.8	13.7	43	5.8	0	
out:	0
in:	93.5	149.3	728.6	8.1	17.2	43	3.1	0	
out:	0
in:	93.4	145.4	721.4	8.1	29.6	27	2.7	0	
out:	1.46
in:	90.6	50.1	100.4	7.8	15.2	31	8.5	0	
out:	1.94
in:	95.2	131.7	578.8	10.4	20.7	45	2.2	0	
out:	2.55
in:	81.5	9.1	55.2	2.7	5.8	54	5.8	0	
out:	4.61
in:	90.2	99.6	631.2	6.3	19.2	44	2.7	0	
out:	4.69
in:	92.4	117.9	668	12.2	19.6	33	5.4	0	
out:	0
in:	90.1	82.9	735.7	6.2	18.3	45	2.2	0	
out:	4.88
in:	88.8	147.3	614.5	9	14.4	66	5.4	0	
out:	5.23
in:	92.4	124.1	680.7	8.5	23.9	32	6.7	0	
out:	5.33
in:	84.9	32.8	664.2	3	19.1	32	4	0	
out:	5.44
in:	91.6	248.4	753.8	6.3	20.5	58	2.7	0	
out:	42.87
in:	85	9	56.9	3.5	10.1	62	1.8	0	
out:	51.78
in:	92.6	46.5	691.8	8.8	13.8	50	2.7	0	
out:	0
in:	86.8	15.6	48.3	3.9	12.4	53	2.2	0	
out:	6.38
in:	91.7	48.5	696.1	11.1	16.8	45	4.5	0	
out:	6.83
in:	93.9	135.7	586.7	15.1	20.8	34	4.9	0	
out:	6.96
in:	91	129.5	692.6	7	17.6	46	3.1	0	
out:	7.04
in:	89.3	51.3	102.2	9.6	11.5	39	5.8	0	
out:	7.19
in:	92.1	111.2	654.1	9.6	20.4	42	4.9	0	
out:	0
in:	91.7	114.3	661.3	6.3	17.6	45	3.6	0	
out:	0
in:	92.9	137	706.4	9.2	27.7	24	2.2	0	
out:	0
in:	90.3	80.7	730.2	6.3	17.8	63	4.9	0	
out:	0
in:	84	9.3	34	2.1	13.9	40	5.4	0	
out:	0
in:	91.6	181.3	613	7.6	24.6	44	4	0	
out:	3.2
in:	89.7	287.2	849.3	6.8	19.4	45	3.6	0	
out:	0
in:	92.1	178	605.3	9.6	23.3	40	4	0	
out:	6.36
in:	94.8	222.4	698.6	13.9	23.9	38	6.7	0	
out:	0
in:	93.6	235.1	723.1	10.1	20.9	66	4.9	0	
out:	15.34
in:	90.6	269.8	811.2	5.5	22.2	45	3.6	0	
out:	0
in:	90.8	84.7	376.6	5.6	23.8	51	1.8	0	
out:	0
in:	91.7	35.8	80.8	7.8	15.1	27	5.4	0	
out:	0
in:	84.9	32.8	664.2	3	16.7	47	4.9	0	
out:	0
in:	89.2	27.9	70.8	6.3	15.9	35	4	0	
out:	0
in:	91	129.5	692.6	7	18.3	40	2.7	0	
out:	0
in:	91.8	78.5	724.3	9.2	19.1	38	2.7	0	
out:	0
in:	94.3	96.3	200	56.1	21	44	4.5	0	
out:	0
in:	90.2	110.9	537.4	6.2	19.5	43	5.8	0	
out:	0
in:	93.5	139.4	594.2	20.3	23.7	32	5.8	0	
out:	0
in:	91.4	142.4	601.4	10.6	16.3	60	5.4	0	
out:	0
in:	92.4	117.9	668	12.2	19	34	5.8	0	
out:	0
in:	90.9	126.5	686.5	7	19.4	48	1.3	0	
out:	0
in:	93.4	145.4	721.4	8.1	30.2	24	2.7	0	
out:	0
in:	92.1	207	672.6	8.2	26.8	35	1.3	0	
out:	0.54
in:	89.4	253.6	768.4	9.7	14.2	73	2.7	0	
out:	0
in:	93.7	231.1	715.1	8.4	23.6	53	4	0	
out:	6.43
in:	91.1	91.3	738.1	7.2	19.1	46	2.2	0	
out:	0.33
in:	90.3	290	855.3	7.4	16.2	58	3.6	0	
out:	0